20
0 1 4 0 0 2 0 0 0 0 0 0 0 0 0 0 0 0 0 0
1 0 2 7 0 0 0 0 0 0 0 0 0 0 0 0 0 0 0 0
4 2 0 5 0 0 0 0 0 0 0 0 0 0 0 0 0 0 0 0
0 7 5 0 3 0 0 0 0 0 0 0 0 0 0 0 0 0 0 0
0 0 0 3 0 0 0 0 0 0 0 0 0 0 0 0 0 0 0 0
2 0 0 0 0 0 4 0 0 0 0 0 0 0 0 0 0 0 0 0
0 0 0 0 0 4 0 6 0 0 0 0 0 0 0 0 0 0 0 0
0 0 0 0 0 0 6 0 8 0 0 0 0 0 0 0 0 0 0 0
0 0 0 0 0 0 0 8 0 9 0 0 0 0 0 0 0 0 0 0
0 0 0 0 0 0 0 0 9 0 10 0 0 0 0 0 0 0 0 0
0 0 0 0 0 0 0 0 0 10 0 11 0 0 0 0 0 0 0 0
0 0 0 0 0 0 0 0 0 0 11 0 12 0 0 0 0 0 0 0
0 0 0 0 0 0 0 0 0 0 0 12 0 13 0 0 0 0 0 0
0 0 0 0 0 0 0 0 0 0 0 0 13 0 14 0 0 0 0 0
0 0 0 0 0 0 0 0 0 0 0 0 0 14 0 15 0 0 0 0
0 0 0 0 0 0 0 0 0 0 0 0 0 0 15 0 16 0 0 0
0 0 0 0 0 0 0 0 0 0 0 0 0 0 0 16 0 17 0 0
0 0 0 0 0 0 0 0 0 0 0 0 0 0 0 0 17 0 18 0
0 0 0 0 0 0 0 0 0 0 0 0 0 0 0 0 0 18 0 19
0 0 0 0 0 0 0 0 0 0 0 0 0 0 0 0 0 0 19 0
1 Alice
2 Bob
3 Carol
4 David
5 Eve
6 Frank
7 Grace
8 Helen
9 Ivan
10 Jack
11 Karen
12 Leo
13 Maria
14 Neil
15 Olivia
16 Peter
17 Quinn
18 Rachel
19 Sam
20 Tina
0
